**************************************************
0,1,2948,77836,DELMIG28,,,0,,0,0,,,0,,,,0,0,
1,00200401528060,152000,1,77836,,,-1,,,,,,,,0,,,,,,,,,,,,,,0,,,,0,,,,,,,,,,,,0,,,,,,,,,,,,,,,,-1,000000000000,,
**************************************************
0,1,9320,74880,101214MO,,,0,,0,0,,,0,,,,0,0,
1,00200420025144,135000,1,74880,,,-1,,,,,,,,0,,,,,,,,,,,,,,0,,,,0,,,,,,,,,,,,0,,,,,,,,,,,,,,,,-1,000000000000,,
2,4,135000,0,5470968109610608,0,001,004277  ,Transacion aprobada,    ,,,4562500D37FCDACE,,10,OROZCO ARIAS/ERENDIRA,,A0000000041010,      MASTERCARD,      MASTERCARD,
**************************************************
0,37,9322,74880,101214MO,,,0,,0,
2,6620010262828961,-4150000,
2,1,4150000,
**************************************************
0,1,2951,74880,101214MO,,,0,,0,0,,,0,,,,0,0,
1,00200153174874,475000,1,74880,,,-1,,,,,,,,0,,,,,,,,,,,,,,0,,,,0,,,,,,,,,,,,0,,,,,,,,,,,,,,,,-1,000000000000,,
**************************************************
0,37,9325,74880,101214MO,,,0,,0,
2,6620010262828961,-300000,
2,1,300000,
**************************************************
0,1,9326,74880,101214MO,,,0,,0,0,,,0,,,,0,0,
1,00200384501470,95500,1,74880,,,-1,,,,,,,,0,,,,,,,,,,,,,,0,,,,0,,,,,,,,,,,,0,,,,,,,,,,,,,,,,-1,000000000000,,
2,1,100000,
**************************************************
0,1,9328,75064,JO240427,,,0,,0,0,,,0,,,,0,0,
1,00200200110343,75000,1,75064,,,-1,,,,,,,,0,,,,,,,,,,,,,,0,,,,0,,,,,,,,,,,,0,,,,,,,,,,,,,,,,-1,000000000000,,
2,4,75000,0,4744722121127460,0,001,190357  ,Transacion aprobada,    ,,,63F758C3B98308C9,,10,RAMIREZ/GRICELDA,,A0000000031010,      VISA DEBIT,                ,
**************************************************
0,1,2955,74880,101214MO,,,0,,0,0,,,0,,,,0,0,
1,00200163027214,99500,1,74880,,,-1,,,,,,,,0,,,,,,,,,,,,,,0,,,,0,,,,,,,,,,,,0,,,,,,,,,,,,,,,,-1,000000000000,,
1,00200398615132,93000,1,74880,,,-1,,,,,,,,0,,,,,,,,,,,,,,0,,,,0,,,,,,,,,,,,0,,,,,,,,,,,,,,,,-1,000000000000,,
1,00200152582960,75000,1,74880,,,-1,,,,,,,,0,,,,,,,,,,,,,,0,,,,0,,,,,,,,,,,,0,,,,,,,,,,,,,,,,-1,000000000000,,
1,00200398615170,93000,1,74880,,,-1,,,,,,,,0,,,,,,,,,,,,,,0,,,,0,,,,,,,,,,,,0,,,,,,,,,,,,,,,,-1,000000000000,,
**************************************************
0,1,2956,74880,101214MO,,,0,,0,0,,,0,,,,0,0,
1,00200388516135,515000,1,74880,,,-1,,,,,,,,0,,,,,,,,,,,,,,0,,,,0,,,,,,,,,,,,0,,,,,,,,,,,,,,,,-1,000000000000,,
1,00200418462531,180000,1,74880,,,-1,,,,,,,,0,,,,,,,,,,,,,,0,,,,0,,,,,,,,,,,,0,,,,,,,,,,,,,,,,-1,000000000000,,
**************************************************
0,1,9331,74880,101214MO,,,0,,0,0,,,0,,,,0,0,
1,00200416310865,135000,1,74880,,,-1,,,,,,,,0,,,,,,,,,,,,,,0,,,,0,,,,,,,,,,,,0,,,,,,,,,,,,,,,,-1,000000000000,,
2,8,135000,0,6620010261523217,50,001,449547  ,Transacion aprobada,,,0827,B2DBB51C6AECF953,,10,,,,
**************************************************
0,1,9334,74880,101214MO,,,0,,0,0,,,0,,,,0,0,
1,00200411307877,116000,1,74880,,,-1,,,,,,,,0,,,,,,,,,,,,,,0,,,,0,,,,,,,,,,,,0,,,,,,,,,,,,,,,,-1,000000000000,,
2,1,150000,
**************************************************
0,37,9335,74880,101214MO,,,0,,0,
2,6620010256025574,-200000,
2,4,200000,0,4152313795851265,0,001,895813  ,Transacion aprobada,   V,,,FC9888F2851B627A,,10,,,A0000000032010,   VISA ELECTRON,   BANCOMER VISA,
**************************************************
0,1,9336,74880,101214MO,,,0,,0,0,,,0,,,,0,0,
1,00200393833180,122000,1,74880,,,-1,,,,,,,,0,,,,,,,,,,,,,,0,,,,0,,,,,,,,,,,,0,,,,,,,,,,,,,,,,-1,000000000000,,
1,00200195431683,93000,1,74880,,,-1,,,,,,,,0,,,,,,,,,,,,,,0,,,,0,,,,,,,,,,,,0,,,,,,,,,,,,,,,,-1,000000000000,,
2,1,250000,
**************************************************
0,1,9337,74880,101214MO,,,0,,0,0,,,0,,,,0,0,
1,00200137439517,245000,1,74880,,,-1,,,,,,,,0,,,,,,,,,,,,,,0,,,,0,,,,,,,,,,,,0,,,,,,,,,,,,,,,,-1,000000000000,,
2,4,245000,0,4152313776767878,0,001,260029  ,Transacion aprobada,   V,,,C73E1565B61074D9,,10,,,A0000000032010,   VISA ELECTRON,   BANCOMER VISA,
**************************************************
0,1,2962,74880,101214MO,,,0,,0,0,,,0,,,,0,0,
1,00200111083620,355000,1,74880,,,-1,,,,,,,,0,,,,,,,,,,,,,,0,,,,0,,,,,,,,,,,,0,,,,,,,,,,,,,,,,-1,000000000000,,
1,00200398167440,355000,1,74880,,,-1,,,,,,,,0,,,,,,,,,,,,,,0,,,,0,,,,,,,,,,,,0,,,,,,,,,,,,,,,,-1,000000000000,,
**************************************************
0,1,2963,74880,101214MO,,,0,,0,0,,,0,,,,0,0,
1,00200140085275,399000,1,74880,,,-1,,,,,,,,0,,,,,,,,,,,,,,0,,,,0,,,,,,,,,,,,0,,,,,,,,,,,,,,,,-1,000000000000,,
**************************************************
0,37,9345,74880,101214MO,,,0,,0,
2,6620010261863597,-41302,
2,5,41302,0,4830303152170359,0,001,065728  ,Transacion aprobada,    ,,,7C7FA832CBCF764F,,10,,,A0000000031010,     VISA DEBITO,     VISA DEBITO,
**************************************************
0,37,9347,74880,101214MO,,,0,,0,
2,6620010261121293,-93000,
2,1,100000,
**************************************************
0,1,2966,74880,101214MO,,,0,,0,0,,,0,,,,0,0,
1,00200384361807,380000,1,74880,,,-1,,,,,,,,0,,,,,,,,,,,,,,0,,,,0,,,,,,,,,,,,0,,,,,,,,,,,,,,,,-1,000000000000,,
**************************************************
0,1,9353,75064,JO240427,,,0,,0,0,,,0,,,,0,0,
1,00200393833180,122000,1,75064,,,-1,,,,,,,,0,,,,,,,,,,,,,,0,,,,0,,,,,,,,,,,,0,,,,,,,,,,,,,,,,-1,000000000000,,
2,8,122000,0,6620010252461492,50,001,093700  ,Transacion aprobada,,,0826,DD512E4D001FA50C,,10,,,,
**************************************************
0,37,9355,75064,JO240427,,,0,,0,
2,6620010252461492,-896025,
2,5,896025,0,4915663450477113,0,001,002989  ,Transacion aprobada,    ,,,D78EB0519AEF2E21,,10,,,A0000000031010,     VISA DEBITO,     VISA DEBITO,
**************************************************
0,37,9356,75064,JO240427,,,0,,0,
2,6620010266290523,-20000,
2,1,20000,
**************************************************
0,37,9358,74880,101214MO,,,0,,0,
2,6620010261857870,-688637,
2,1,688637,
**************************************************
0,37,9359,74880,101214MO,,,0,,0,
2,6620010261857870,-688637,
2,5,688637,0,4741743640845724,0,001,296460  ,Transacion aprobada,    ,,,8FB93346F28004B8,,10,,,A0000000031010,     VISA DEBITO,     VISA DEBITO,
**************************************************
0,1,9361,74880,101214MO,,,0,,0,0,,,0,,,,0,0,
1,00200402050508,158000,1,74880,,,-1,,,,,,,,0,,,,,,,,,,,,,,0,,,,0,,,,,,,,,,,,0,,,,,,,,,,,,,,,,-1,000000000000,,
2,1,158000,
**************************************************
0,1,9365,74880,101214MO,,,0,,0,0,,,0,,,,0,0,
1,00200418462845,250000,1,74880,,,-1,,,,,,,,0,,,,,,,,,,,,,,0,,,,0,,,,,,,,,,,,0,,,,,,,,,,,,,,,,-1,000000000000,,
2,4,250000,0,4152314064429544,0,001,905252  ,Transacion aprobada,    ,,,337C4EF8291317D1,,10,,,A0000000031010,     VISA DEBITO,       BBVA VISA,
**************************************************
0,1,9366,74880,101214MO,,,0,,0,0,,,0,,,,0,0,
1,00200420107697,370000,1,74880,,,-1,,,,,,,,0,,,,,,,,,,,,,,0,,,,0,,,,,,,,,,,,0,,,,,,,,,,,,,,,,-1,000000000000,,
2,1,400000,
**************************************************
0,37,9368,74880,101214MO,,,0,,0,
2,6620010265505616,-1000000,
2,1,1000000,
**************************************************
0,37,9369,74880,101214MO,,,0,,0,
2,6620010269650509,-425000,
2,1,450000,
**************************************************
0,1,9371,74880,101214MO,,,0,,0,0,,,0,,,,0,0,
1,00200372053578,290000,1,74880,,,-1,,,,,,,,0,,,,,,,,,,,,,,0,,,,0,,,,,,,,,,,,0,,,,,,,,,,,,,,,,-1,000000000000,,
2,4,290000,0,4772133053203300,0,001,264375  ,Transacion aprobada,    ,,,936DB80FC8285436,,10,,,A0000000031010,    VISA CREDITO,       BBVA VISA,
**************************************************
0,37,9380,74880,101214MO,,,0,,0,
2,6620010268890734,-700000,
2,1,700000,
**************************************************
0,1,2980,74880,101214MO,,,0,,0,0,,,0,,,,0,0,
1,00200160431052,253000,1,74880,,,-1,,,,,,,,0,,,,,,,,,,,,,,0,,,,0,,,,,,,,,,,,0,,,,,,,,,,,,,,,,-1,000000000000,,
**************************************************
0,1,2981,74880,101214MO,,,0,,0,0,,,0,,,,0,0,
1,00200377820250,861000,1,74880,,,-1,,,,,,,,0,,,,,,,,,,,,,,0,,,,0,,,,,,,,,,,,0,,,,,,,,,,,,,,,,-1,000000000000,,
**************************************************
0,1,9384,74880,101214MO,,,0,,0,0,,,0,,,,0,0,
1,00200413202835,375000,1,74880,,,-1,,,,,,,,0,,,,,,,,,,,,,,0,,,,0,,,,,,,,,,,,0,,,,,,,,,,,,,,,,-1,000000000000,,
2,4,375000,0,5549003005115366,0,001,083111  ,Transacion aprobada,    ,,,0D91CA204602D0F6,,10,TDC FIESTA REWARDS PLATINO,,A0000000041010,      Mastercard,      Mastercard,
**************************************************
0,1,2983,74880,101214MO,,,0,,0,0,,,0,,,,0,0,
1,00200359304716,380000,1,74880,,,-1,,,,,,,,0,,,,,,,,,,,,,,0,,,,0,,,,,,,,,,,,0,,,,,,,,,,,,,,,,-1,000000000000,,
1,00200185828080,861000,1,74880,,,-1,,,,,,,,0,,,,,,,,,,,,,,0,,,,0,,,,,,,,,,,,0,,,,,,,,,,,,,,,,-1,000000000000,,
**************************************************
0,1,2984,74880,101214MO,,,0,,0,0,,,0,,,,0,0,
1,00200390722548,750000,1,74880,,,-1,,,,,,,,0,,,,,,,,,,,,,,0,,,,0,,,,,,,,,,,,0,,,,,,,,,,,,,,,,-1,000000000000,,
**************************************************
0,1,2985,74880,101214MO,,,0,,0,0,,,0,,,,0,0,
1,00200408194473,850000,1,74880,,,-1,,,,,,,,0,,,,,,,,,,,,,,0,,,,0,,,,,,,,,,,,0,,,,,,,,,,,,,,,,-1,000000000000,,
**************************************************
0,1,2986,74880,101214MO,,,0,,0,0,,,0,,,,0,0,
1,00200160429073,148000,1,74880,,,-1,,,,,,,,0,,,,,,,,,,,,,,0,,,,0,,,,,,,,,,,,0,,,,,,,,,,,,,,,,-1,000000000000,,
1,00200190902119,214500,1,74880,,,-1,,,,,,,,0,,,,,,,,,,,,,,0,,,,0,,,,,,,,,,,,0,,,,,,,,,,,,,,,,-1,000000000000,,
**************************************************
0,1,9396,74880,101214MO,,,0,,0,0,,,0,,,,0,0,
1,00200190902119,214500,1,74880,,,-1,,,,,,,,0,,,,,,,,,,,,,,0,,,,0,,,,,,,,,,,,0,,,,,,,,,,,,,,,,-1,000000000000,,
2,1,220000,
**************************************************
0,1,9398,74880,101214MO,,,0,,0,0,,,0,,,,0,0,
1,00200372578439,243000,1,74880,,,-1,,,,,,,,0,,,,,,,,,,,,,,0,,,,0,,,,,,,,,,,,0,,,,,,,,,,,,,,,,-1,000000000000,,
2,8,97647,0,6620010264215688,99,001,979491  ,Transacion aprobada,,,0128,58160CEC1B3BF0BC,,10,,,,
2,8,145353,0,6620010264215688,50,001,548400  ,Transacion aprobada,,,0128,E915F51EBB37F6AD,,10,,,,
**************************************************
0,1,9402,74880,101214MO,,,0,,0,0,,,0,,,,0,0,
1,00200186285745,327000,1,74880,,,-1,,,,,,,,0,,,,,,,,,,,,,,0,,,,0,,,,,,,,,,,,0,,,,,,,,,,,,,,,,-1,000000000000,,
2,8,327000,0,6620010269994501,50,001,409518  ,Transacion aprobada,,,0326,78483277ECB506DB,,10,,,,
**************************************************
0,1,2990,74880,101214MO,,,0,,0,0,,,0,,,,0,0,
1,00200377820250,861000,1,74880,,,-1,,,,,,,,0,,,,,,,,,,,,,,0,,,,0,,,,,,,,,,,,0,,,,,,,,,,,,,,,,-1,000000000000,,
**************************************************
0,1,2991,74880,101214MO,,,0,,0,0,,,0,,,,0,0,
1,00200409822719,138000,1,74880,,,-1,,,,,,,,0,,,,,,,,,,,,,,0,,,,0,,,,,,,,,,,,0,,,,,,,,,,,,,,,,-1,000000000000,,
1,00200398615101,93000,1,74880,,,-1,,,,,,,,0,,,,,,,,,,,,,,0,,,,0,,,,,,,,,,,,0,,,,,,,,,,,,,,,,-1,000000000000,,
1,00200398615231,93000,1,74880,,,-1,,,,,,,,0,,,,,,,,,,,,,,0,,,,0,,,,,,,,,,,,0,,,,,,,,,,,,,,,,-1,000000000000,,
1,00200398615231,93000,1,74880,,,-1,,,,,,,,0,,,,,,,,,,,,,,0,,,,0,,,,,,,,,,,,0,,,,,,,,,,,,,,,,-1,000000000000,,
1,00200398615231,93000,1,74880,,,-1,,,,,,,,0,,,,,,,,,,,,,,0,,,,0,,,,,,,,,,,,0,,,,,,,,,,,,,,,,-1,000000000000,,
**************************************************
0,37,9405,74880,101214MO,,,0,,0,
2,6620010260511544,-480000,
2,4,480000,0,4152313906774448,0,001,705433  ,Transacion aprobada,    ,,,9C00FBF7C2318221,,10,,,A0000000031010,     VISA DEBITO,       BBVA VISA,
**************************************************
0,1,2993,74880,101214MO,,,0,,0,0,,,0,,,,0,0,
1,00200402961200,325000,1,74880,,,-1,,,,,,,,0,,,,,,,,,,,,,,0,,,,0,,,,,,,,,,,,0,,,,,,,,,,,,,,,,-1,000000000000,,
1,00200175367575,562000,1,74880,,,-1,,,,,,,,0,,,,,,,,,,,,,,0,,,,0,,,,,,,,,,,,0,,,,,,,,,,,,,,,,-1,000000000000,,
**************************************************
0,37,9407,74880,101214MO,,,0,,0,
2,6620010261918755,-28233,
2,4,28233,0,4152313708426015,0,001,756234  ,Transacion aprobada,   V,,,2817F0510FAE1AC2,,10,,,A0000000032010,   VISA ELECTRON,   BANCOMER VISA,
**************************************************
0,37,9407,74880,101214MO,,,0,,0,
2,6620010261918755,-28233,
2,4,28233,0,4152313708426015,0,001,756234  ,Transacion aprobada,   V,,,2817F0510FAE1AC2,,10,,,A0000000032010,   VISA ELECTRON,   BANCOMER VISA,
**************************************************
0,37,9408,74880,101214MO,,,0,,0,
2,6620010265633236,-26548,
2,4,26548,0,4152313708426015,0,001,777352  ,Transacion aprobada,   V,,,82DC550534552FAC,,10,,,A0000000032010,   VISA ELECTRON,   BANCOMER VISA,
**************************************************
0,37,9411,74880,101214MO,,,0,,0,
2,6620010267439046,-520000,
2,1,520000,
**************************************************
0,37,9412,74880,101214MO,,,0,,0,
2,6620010259370944,-420000,
2,4,420000,0,4152314034726573,0,001,279265  ,Transacion aprobada,    ,,,BDDF8722955B055E,,10,,,A0000000031010,     VISA DEBITO,       BBVA VISA,
**************************************************
0,37,9414,74880,101214MO,,,0,,0,
2,6620010266124136,-160000,
2,1,160000,
**************************************************
0,1,9415,74880,101214MO,,,0,,0,0,,,0,,,,0,0,
1,00200418052428,88000,1,74880,,,-1,,,,,,,,0,,,,,,,,,,,,,,0,,,,0,,,,,,,,,,,,0,,,,,,,,,,,,,,,,-1,000000000000,,
2,5,88000,0,4915666236060244,0,001,000631  ,Transacion aprobada,    ,,,DF6F305288742160,,10,,,A0000000031010,     VISA DEBITO,     VISA DEBITO,
**************************************************
0,1,3000,74880,101214MO,,,0,,0,0,,,0,,,,0,0,
1,00200398615149,93000,1,74880,,,-1,,,,,,,,0,,,,,,,,,,,,,,0,,,,0,,,,,,,,,,,,0,,,,,,,,,,,,,,,,-1,000000000000,,
1,00200408442161,124500,1,74880,,,-1,,,,,,,,0,,,,,,,,,,,,,,0,,,,0,,,,,,,,,,,,0,,,,,,,,,,,,,,,,-1,000000000000,,
1,00200413272371,93000,1,74880,,,-1,,,,,,,,0,,,,,,,,,,,,,,0,,,,0,,,,,,,,,,,,0,,,,,,,,,,,,,,,,-1,000000000000,,
**************************************************
0,37,9417,74880,101214MO,,,0,,0,
2,6620010269159055,-310000,
2,1,320000,
**************************************************
0,1,9419,74880,101214MO,,,0,,0,0,,,0,,,,0,0,
1,00200170502315,355000,1,74880,,,-1,,,,,,,,0,,,,,,,,,,,,,,0,,,,0,,,,,,,,,,,,0,,,,,,,,,,,,,,,,-1,000000000000,,
2,4,355000,0,5491380215124125,0,001,464832  ,Transacion aprobada,    ,,,7610BBC517302327,,10,TORRES MACIAS/JOSE ABEL,,A0000000041010,      Mastercard,      Mastercard,
**************************************************
0,37,9420,74880,101214MO,,,0,,0,
2,6620010269412892,-1529200,
2,1,1550000,
**************************************************
0,37,9422,75764,MCPL1204,,,0,,0,
2,6620010269682866,-2000000,
2,4,2000000,0,4152313956257237,0,001,662711  ,Transacion aprobada,    ,,,CBB66CA370AFBF36,,10,,,A0000000031010,     VISA DEBITO,       BBVA VISA,
**************************************************
0,1,9425,75764,MCPL1204,,,0,,0,0,,,0,,,,0,0,
1,00200361659163,339000,1,75764,,,-1,,,,,,,,0,,,,,,,,,,,,,,0,,,,0,,,,,,,,,,,,0,,,,,,,,,,,,,,,,-1,000000000000,,
2,1,350000,
**************************************************
0,1,3006,75764,MCPL1204,,,0,,0,0,,,0,,,,0,0,
1,00200403592175,275000,1,75764,,,-1,,,,,,,,0,,,,,,,,,,,,,,0,,,,0,,,,,,,,,,,,0,,,,,,,,,,,,,,,,-1,000000000000,,
1,00200380882559,570000,1,75764,,,-1,,,,,,,,0,,,,,,,,,,,,,,0,,,,0,,,,,,,,,,,,0,,,,,,,,,,,,,,,,-1,000000000000,,
**************************************************
0,37,9429,75764,MCPL1204,,,0,,0,
2,6620010264344165,-202800,
2,1,204000,
**************************************************
0,1,9430,75764,MCPL1204,,,0,,0,0,,,0,,,,0,0,
1,00200190901464,322000,1,75764,,,-1,,,,,,,,0,,,,,,,,,,,,,,0,,,,0,,,,,,,,,,,,0,,,,,,,,,,,,,,,,-1,000000000000,,
2,4,322000,0,4465400412316848,0,001,017421  ,Transacion aprobada,    ,,,AD9E32A1B085B865,,10,SANTIBANEZ/JULIAN,,A0000000031010,     VISA CREDIT,                ,
**************************************************
0,1,9431,75764,MCPL1204,,,0,,0,0,,,0,,,,0,0,
1,00200418462104,145000,1,75764,,,-1,,,,,,,,0,,,,,,,,,,,,,,0,,,,0,,,,,,,,,,,,0,,,,,,,,,,,,,,,,-1,000000000000,,
2,1,160000,
**************************************************
0,1,9432,75764,MCPL1204,,,0,,0,0,,,0,,,,0,0,
1,00200395269147,295000,1,75764,,,-1,,,,,,,,0,,,,,,,,,,,,,,0,,,,0,,,,,,,,,,,,0,,,,,,,,,,,,,,,,-1,000000000000,,
2,4,295000,0,4772913092734054,0,001,425137  ,Transacion aprobada,    ,,,68FA91B551948D4D,,10,,,A0000000031010,    VISA CREDITO,       BBVA VISA,
**************************************************
0,37,9434,75764,MCPL1204,,,0,,0,
2,6620010268871254,-246600,
2,5,246600,0,5579070147592987,0,001,081804  ,Transacion aprobada,Debi,,,B170CD48B0426315,,10,,,A0000000041010,Debit Mastercard,Debit Mastercard,
**************************************************
0,1,3012,75764,MCPL1204,,,0,,0,0,,,0,,,,0,0,
1,00200381680932,675000,1,75764,,,-1,,,,,,,,0,,,,,,,,,,,,,,0,,,,0,,,,,,,,,,,,0,,,,,,,,,,,,,,,,-1,000000000000,,
**************************************************
0,1,9436,75764,MCPL1204,,,0,,0,0,,,0,,,,0,0,
1,00200419608181,82000,1,75764,,,-1,,,,,,,,0,,,,,,,,,,,,,,0,,,,0,,,,,,,,,,,,0,,,,,,,,,,,,,,,,-1,000000000000,,
2,1,100000,
**************************************************
0,1,9442,73992501,635241OP,,,0,,0,0,,,0,,,,0,0,
1,00200406261016,880000,1,73992501,,,-1,,,,,,,,0,,,,,,,,,,,,,,0,,,,0,,,,,,,,,,,,0,,,,,,,,,,,,,,,,-1,000000000000,,
2,1,900000,
**************************************************
0,1,9443,74880,101214MO,,,0,,0,0,,,0,,,,0,0,
1,00200404524335,90500,1,74880,,,-1,,,,,,,,0,,,,,,,,,,,,,,0,,,,0,,,,,,,,,,,,0,,,,,,,,,,,,,,,,-1,000000000000,,
2,1,90500,
**************************************************
0,1,9444,73992501,635241OP,,,0,,0,0,,,0,,,,0,0,
1,00200398167457,455000,1,73992501,,,-1,,,,,,,,0,,,,,,,,,,,,,,0,,,,0,,,,,,,,,,,,0,,,,,,,,,,,,,,,,-1,000000000000,,
2,8,455000,0,6620010261385146,50,001,689311  ,Transacion aprobada,,,0727,D660FF02D2600273,,10,,,,
**************************************************
0,1,3017,74880,101214MO,,,0,,0,0,,,0,,,,0,0,
1,00200412129836,2950000,1,74880,,,-1,,,,,,,,0,,,,,,,,,,,,,,0,,,,0,,,,,,,,,,,,0,,,,,,,,,,,,,,,,-1,000000000000,,
**************************************************
0,1,3018,74880,101214MO,,,0,,0,0,,,0,,,,0,0,
1,00200414943577,42000,1,74880,,,-1,,,,,,,,0,,,,,,,,,,,,,,0,,,,0,,,,,,,,,,,,0,,,,,,,,,,,,,,,,-1,000000000000,,
1,00200414943461,89000,1,74880,,,-1,,,,,,,,0,,,,,,,,,,,,,,0,,,,0,,,,,,,,,,,,0,,,,,,,,,,,,,,,,-1,000000000000,,
**************************************************
0,37,9449,74880,101214MO,,,0,,0,
2,6620010267969976,-150000,
2,5,150000,0,4213166135513913,0,001,085213  ,Transacion aprobada,    ,,,9FBB251486D32B3A,,10,,,A0000000031010,     VISA DEBITO,     VISA DEBITO,
**************************************************
0,1,3020,74880,101214MO,,,0,,0,0,,,0,,,,0,0,
1,00200163986313,325000,1,74880,,,-1,,,,,,,,0,,,,,,,,,,,,,,0,,,,0,,,,,,,,,,,,0,,,,,,,,,,,,,,,,-1,000000000000,,
1,00200400555654,159000,1,74880,,,-1,,,,,,,,0,,,,,,,,,,,,,,0,,,,0,,,,,,,,,,,,0,,,,,,,,,,,,,,,,-1,000000000000,,
**************************************************
0,1,9451,74880,101214MO,,,0,,0,0,,,0,,,,0,0,
1,00200361680655,292000,1,74880,,,-1,,,,,,,,0,,,,,,,,,,,,,,0,,,,0,,,,,,,,,,,,0,,,,,,,,,,,,,,,,-1,000000000000,,
2,10,292000,0,6520840262575571,0,001,131060  ,Transacion aprobada,
**************************************************
0,1,3022,74880,101214MO,,,0,,0,0,,,0,,,,0,0,
1,00200413202835,375000,1,74880,,,-1,,,,,,,,0,,,,,,,,,,,,,,0,,,,0,,,,,,,,,,,,0,,,,,,,,,,,,,,,,-1,000000000000,,
1,00200417986946,12900,1,74880,,,-1,,,,,,,,0,,,,,,,,,,,,,,0,,,,0,,,,,,,,,,,,0,,,,,,,,,,,,,,,,-1,000000000000,,
**************************************************
0,1,3023,74880,101214MO,,,0,,0,0,,,0,,,,0,0,
1,00200413202835,375000,1,74880,,,-1,,,,,,,,0,,,,,,,,,,,,,,0,,,,0,,,,,,,,,,,,0,,,,,,,,,,,,,,,,-1,000000000000,,
1,00200417986946,12900,1,74880,,,-1,,,,,,,,0,,,,,,,,,,,,,,0,,,,0,,,,,,,,,,,,0,,,,,,,,,,,,,,,,-1,000000000000,,
**************************************************
0,1,3024,74880,101214MO,,,0,,0,0,,,0,,,,0,0,
1,00200177467594,269000,2.000000,74880,,,-1,,,,,,,,0,,,,,,,,,,,,,,0,,,,0,,,,,,,,,,,,0,,,,,,,,,,,,,,,,-1,000000000000,,
**************************************************
0,37,9457,74880,101214MO,,,0,,0,
2,6620010261734087,-223700,
2,1,250000,
**************************************************
0,1,9458,74880,101214MO,,,0,,0,0,,,0,,,,0,0,
1,00200398167457,455000,1,74880,,,-1,,,,,,,,0,,,,,,,,,,,,,,0,,,,0,,,,,,,,,,,,0,,,,,,,,,,,,,,,,-1,000000000000,,
2,8,455000,0,6620010268955412,50,001,268448  ,Transacion aprobada,,,0529,B4FBFF3FFF9AC578,,10,,,,
**************************************************
0,1,9462,74880,101214MO,,,0,,0,0,,,0,,,,0,0,
1,00200361680990,93000,1,74880,,,-1,,,,,,,,0,,,,,,,,,,,,,,0,,,,0,,,,,,,,,,,,0,,,,,,,,,,,,,,,,-1,000000000000,,
1,00200399886487,93000,1,74880,,,-1,,,,,,,,0,,,,,,,,,,,,,,0,,,,0,,,,,,,,,,,,0,,,,,,,,,,,,,,,,-1,000000000000,,
2,4,186000,0,5221748001809843,0,001,893880  ,Transacion aprobada,    ,,,CF66F001BF34477F,,10,JOAQUIN D MARTORI PEREZ,,A0000000041010,      Mastercard,    HSBC CREDITO,
**************************************************
0,1,9463,74880,101214MO,,,0,,0,0,,,0,,,,0,0,
1,00200200114921,347000,1,74880,,,-1,,,,,,,,0,,,,,,,,,,,,,,0,,,,0,,,,,,,,,,,,0,,,,,,,,,,,,,,,,-1,000000000000,,
2,8,347000,0,6620010269447484,50,001,095991  ,Transacion aprobada,,,0329,7840F1481FCEBA14,,10,,,,
**************************************************
0,1,9464,74880,101214MO,,,0,,0,0,,,0,,,,0,0,
1,00200131495595,269000,1,74880,,,-1,,,,,,,,0,,,,,,,,,,,,,,0,,,,0,,,,,,,,,,,,0,,,,,,,,,,,,,,,,-1,000000000000,,
2,4,269000,0,4152313743589496,0,001,336485  ,Transacion aprobada,   V,,,E0671A90B6E7CE52,,10,,,A0000000032010,   VISA ELECTRON,   BANCOMER VISA,
**************************************************
0,1,9467,74880,101214MO,,,0,,0,0,,,0,,,,0,0,
1,00200123117788,99500,1,74880,,,-1,,,,,,,,0,,,,,,,,,,,,,,0,,,,0,,,,,,,,,,,,0,,,,,,,,,,,,,,,,-1,000000000000,,
2,4,99500,0,4169160475082591,0,001,362044  ,Transacion aprobada,    ,,,EF8659276CB0D3C8,,10,,,A0000000031010,     VISA DEBITO,     VISA DEBITO,
**************************************************
0,1,9468,74880,101214MO,,,0,,0,0,,,0,,,,0,0,
1,00200315317033,322000,1,74880,,,-1,,,,,,,,0,,,,,,,,,,,,,,0,,,,0,,,,,,,,,,,,0,,,,,,,,,,,,,,,,-1,000000000000,,
2,5,322000,0,4189143174116189,0,001,000058  ,Transacion aprobada,    ,,,85A88D8DD5B2F83E,,10,,,A0000000031010,     VISA DEBITO,     VISA DEBITO,
**************************************************
0,37,9471,74880,101214MO,,,0,,0,
2,6620010267333611,-61700,
2,4,61700,0,5256783986214899,0,001,068145  ,Transacion aprobada,Debi,,,56B629DBB0975E6E,,10, MICUENTA NOMINA / PRG,,A0000000041010,Debit Mastercard,Debit Mastercard,
**************************************************
0,37,9473,74880,101214MO,,,0,,0,
2,6620010258157003,-150000,
2,1,150000,
**************************************************
0,1,3036,74880,101214MO,,,0,,0,0,,,0,,,,0,0,
1,00200413877903,996000,1,74880,,,-1,,,,,,,,0,,,,,,,,,,,,,,0,,,,0,,,,,,,,,,,,0,,,,,,,,,,,,,,,,-1,000000000000,,
1,00200403753637,996000,1,74880,,,-1,,,,,,,,0,,,,,,,,,,,,,,0,,,,0,,,,,,,,,,,,0,,,,,,,,,,,,,,,,-1,000000000000,,
**************************************************
0,1,9475,75764,MCPL1204,,,0,,0,0,,,0,,,,0,0,
1,00200152583042,292000,1,75764,,,-1,,,,,,,,0,,,,,,,,,,,,,,0,,,,0,,,,,,,,,,,,0,,,,,,,,,,,,,,,,-1,000000000000,,
2,4,292000,0,5204167440476190,0,001,096504  ,Transacion aprobada,Debi,,,4971E71B079D6384,,10,FERNANDEZCANO R/CARLOS I,,A0000000041010,Debit Mastercard,Debit Mastercard,
**************************************************
0,37,9476,74880,101214MO,,,0,,0,
2,6620010268018740,-5000000,
2,4,5000000,0,4152313839255457,0,001,090399  ,Transacion aprobada,    ,,,57441BB09B7B9CDE,,10,,,A0000000031010,     VISA DEBITO,       BBVA VISA,
**************************************************
0,37,9478,74880,101214MO,,,0,,0,
2,6620010250839939,-520000,
2,4,520000,0,5204165783992195,0,001,039448  ,Transacion aprobada,Debi,,,CE2120B75B797E8C,,10, PERFILES AZUL / PRG,,A0000000041010,Debit Mastercard,Debit Mastercard,
**************************************************
0,37,9479,74880,101214MO,,,0,,0,
2,6620010268018740,-5000000,
2,5,5000000,0,4189143176305160,0,001,001346  ,Transacion aprobada,    ,,,D6ECA9207EA2F020,,10,,,A0000000031010,     VISA DEBITO,     VISA DEBITO,
**************************************************
0,37,9481,74880,101214MO,,,0,,0,
2,6620010254394709,-64300,
2,4,64300,0,4152313763959710,0,001,196503  ,Transacion aprobada,   V,,,AE91756A3454E6C1,,10,,,A0000000032010,   VISA ELECTRON,   BANCOMER VISA,
**************************************************
0,1,3042,74880,101214MO,,,0,,0,0,,,0,,,,0,0,
1,00200395318173,996000,1,74880,,,-1,,,,,,,,0,,,,,,,,,,,,,,0,,,,0,,,,,,,,,,,,0,,,,,,,,,,,,,,,,-1,000000000000,,
**************************************************
0,37,9483,74880,101214MO,,,0,,0,
2,6620010269169070,-120885,
2,5,120885,0,5579070139105087,0,001,020175  ,Transacion aprobada,Debi,,,9C54083DE0588E8E,,10,,,A0000000041010,Debit Mastercard,Debit Mastercard,
**************************************************
0,1,3044,74880,101214MO,,,0,,0,0,,,0,,,,0,0,
1,00200177467594,269000,1,74880,,,-1,,,,,,,,0,,,,,,,,,,,,,,0,,,,0,,,,,,,,,,,,0,,,,,,,,,,,,,,,,-1,000000000000,,
1,00200373485996,269000,1,74880,,,-1,,,,,,,,0,,,,,,,,,,,,,,0,,,,0,,,,,,,,,,,,0,,,,,,,,,,,,,,,,-1,000000000000,,
**************************************************
0,1,3045,74880,101214MO,,,0,,0,0,,,0,,,,0,0,
1,00200407848520,88000,1,74880,,,-1,,,,,,,,0,,,,,,,,,,,,,,0,,,,0,,,,,,,,,,,,0,,,,,,,,,,,,,,,,-1,000000000000,,
**************************************************
0,37,9486,74880,101214MO,,,0,,0,
2,6620010266168588,-412186,
2,5,412186,0,4213169313000927,0,001,049444  ,Transacion aprobada,    ,,,84D00A81980A2526,,10,,,A0000000031010,     VISA DEBITO,     VISA DEBITO,
**************************************************
0,1,9488,74880,101214MO,,,0,,0,0,,,0,,,,0,0,
1,00200140639591,355000,1,74880,,,-1,,,,,,,,0,,,,,,,,,,,,,,0,,,,0,,,,,,,,,,,,0,,,,,,,,,,,,,,,,-1,000000000000,,
2,1,355000,
**************************************************
0,37,9490,74880,101214MO,,,0,,0,
2,6620010261354209,-1082188,
2,5,1082188,0,4741743882075295,0,001,360822  ,Transacion aprobada,    ,,,A751ED5A2604F293,,10,,,A0000000031010,     VISA DEBITO,     VISA DEBITO,
**************************************************
0,1,3049,74880,101214MO,,,0,,0,0,,,0,,,,0,0,
1,00200400380546,573000,1,74880,,,-1,,,,,,,,0,,,,,,,,,,,,,,0,,,,0,,,,,,,,,,,,0,,,,,,,,,,,,,,,,-1,000000000000,,
**************************************************
0,37,9492,74880,101214MO,,,0,,0,
2,6620010262004654,-30000,
2,5,30000,0,4027665743643091,0,001,645373  ,Transacion aprobada,    ,,,D072BF7679927AAC,,10,,,A0000000031010,     VISA DEBITO,     VISA DEBITO,
**************************************************
0,1,3051,74880,101214MO,,,0,,0,0,,,0,,,,0,0,
1,00200407946400,439000,1,74880,,,-1,,,,,,,,0,,,,,,,,,,,,,,0,,,,0,,,,,,,,,,,,0,,,,,,,,,,,,,,,,-1,000000000000,,
**************************************************
0,37,9496,74880,101214MO,,,0,,0,
2,6620010261151886,-1170000,
2,1,1200000,
**************************************************
0,1,9501,74880,101214MO,,,2,,0,0,,,0,,,,0,0,
1,00200149045041,10000,1,74880,,,-1,,,,,,,,0,,,,,,,,,,,,,,0,,,,0,,,,,,,,,,,,0,,,,,,,,,,,,,,,,-1,000000000000,,
22,3338290342,0200149045041,1,1,10000,39594,01100316105,Telcel        ,
2,1,50000,
**************************************************
0,1,9502,74880,101214MO,,,0,,0,0,,,0,,,,0,0,
1,00200413083175,139000,1,74880,,,-1,,,,,,,,0,,,,,,,,,,,,,,0,,,,0,,,,,,,,,,,,0,,,,,,,,,,,,,,,,-1,000000000000,,
2,1,139000,
**************************************************
0,1,3055,74880,101214MO,,,0,,0,0,,,0,,,,0,0,
1,00200404879787,335000,1,74880,,,-1,,,,,,,,0,,,,,,,,,,,,,,0,,,,0,,,,,,,,,,,,0,,,,,,,,,,,,,,,,-1,000000000000,,
1,00200418052466,88000,1,74880,,,-1,,,,,,,,0,,,,,,,,,,,,,,0,,,,0,,,,,,,,,,,,0,,,,,,,,,,,,,,,,-1,000000000000,,
1,00200416792234,320000,1,74880,,,-1,,,,,,,,0,,,,,,,,,,,,,,0,,,,0,,,,,,,,,,,,0,,,,,,,,,,,,,,,,-1,000000000000,,
**************************************************
0,1,9505,74880,101214MO,,,0,,0,0,,,0,,,,0,0,
1,00200398167440,355000,1,74880,,,-1,,,,,,,,0,,,,,,,,,,,,,,0,,,,0,,,,,,,,,,,,0,,,,,,,,,,,,,,,,-1,000000000000,,
2,8,355000,0,6620010267340632,50,001,783120  ,Transacion aprobada,,,0129,BDAC6DF6A62DFC8A,,10,,,,
**************************************************
0,1,3057,74880,101214MO,,,0,,0,0,,,0,,,,0,0,
1,00200409014664,1100000,1,74880,,,-1,,,,,,,,0,,,,,,,,,,,,,,0,,,,0,,,,,,,,,,,,0,,,,,,,,,,,,,,,,-1,000000000000,,
**************************************************
0,37,9513,74880,101214MO,,,0,,0,
2,6620010259575211,-50000,
2,1,50000,
**************************************************
0,1,9514,74880,101214MO,,,0,,0,0,,,0,,,,0,0,
1,00200416109902,68000,1,74880,,,-1,,,,,,,,0,,,,,,,,,,,,,,0,,,,0,,,,,,,,,,,,0,,,,,,,,,,,,,,,,-1,000000000000,,
2,8,68000,0,6620010250931801,1,001,293100  ,Transacion aprobada,,,0826,41B45B32C49D73A5,,10,,,,
**************************************************
0,37,9517,74880,101214MO,,,0,,0,
2,6620010267450357,-1104020,
2,4,1104020,0,5204165720796394,0,001,061815  ,Transacion aprobada,Debi,,,851A8C34923A48A9,,10,PERFILES AZUL/PRG,,A0000000041010,Debit Mastercard,Debit Mastercard,
**************************************************
0,1,3067,74880,101214MO,,,0,,0,0,,,0,,,,0,0,
1,00200400038713,500000,1,74880,,,-1,,,,,,,,0,,,,,,,,,,,,,,0,,,,0,,,,,,,,,,,,0,,,,,,,,,,,,,,,,-1,000000000000,,
**************************************************
0,1,9526,74880,101214MO,,,0,,0,0,,,0,,,,0,0,
1,00200417349871,288500,1,74880,,,-1,,,,,,,,0,,,,,,,,,,,,,,0,,,,0,,,,,,,,,,,,0,,,,,,,,,,,,,,,,-1,000000000000,,
2,1,300000,
**************************************************
0,1,3069,74880,101214MO,,,0,,0,0,,,0,,,,0,0,
1,00200418949032,365000,1,74880,,,-1,,,,,,,,0,,,,,,,,,,,,,,0,,,,0,,,,,,,,,,,,0,,,,,,,,,,,,,,,,-1,000000000000,,
**************************************************
0,1,3070,74880,101214MO,,,0,,0,0,,,0,,,,0,0,
1,00200418949001,620000,1,74880,,,-1,,,,,,,,0,,,,,,,,,,,,,,0,,,,0,,,,,,,,,,,,0,,,,,,,,,,,,,,,,-1,000000000000,,
**************************************************
0,1,3071,74880,101214MO,,,0,,0,0,,,0,,,,0,0,
1,00200390722562,750000,1,74880,,,-1,,,,,,,,0,,,,,,,,,,,,,,0,,,,0,,,,,,,,,,,,0,,,,,,,,,,,,,,,,-1,000000000000,,
**************************************************
0,1,9530,74880,101214MO,,,0,,0,0,,,0,,,,0,0,
1,00200119730670,290000,1,74880,,,-1,,,,,,,,0,,,,,,,,,,,,,,0,,,,0,,,,,,,,,,,,0,,,,,,,,,,,,,,,,-1,000000000000,,
2,4,290000,0,4931730027857844,0,001,000879  ,Transacion aprobada,    ,,,3FB59F2CD6DF4AC0,,10,INMEDIATA/TARJETA,,A0000000031010,    VISA CREDITO,    VISA CREDITO,
**************************************************
0,1,3073,74880,101214MO,,,0,,0,0,,,0,,,,0,0,
1,00200415259974,98000,1,74880,,,-1,,,,,,,,0,,,,,,,,,,,,,,0,,,,0,,,,,,,,,,,,0,,,,,,,,,,,,,,,,-1,000000000000,,
**************************************************
0,1,3074,74880,101214MO,,,0,,0,0,,,0,,,,0,0,
1,00200398615170,93000,1,74880,,,-1,,,,,,,,0,,,,,,,,,,,,,,0,,,,0,,,,,,,,,,,,0,,,,,,,,,,,,,,,,-1,000000000000,,
**************************************************
0,1,3075,74880,101214MO,,,0,,0,0,,,0,,,,0,0,
1,00200160725007,500000,1,74880,,,-1,,,,,,,,0,,,,,,,,,,,,,,0,,,,0,,,,,,,,,,,,0,,,,,,,,,,,,,,,,-1,000000000000,,
**************************************************
0,1,9538,74880,101214MO,,,0,,0,0,,,0,,,,0,0,
1,00200409014664,1100000,1,74880,,,-1,,,,,,,,0,,,,,,,,,,,,,,0,,,,0,,,,,,,,,,,,0,,,,,,,,,,,,,,,,-1,000000000000,,
2,4,1100000,0,4772913085222802,0,001,804701  ,Transacion aprobada,    ,,,18D506D396F89007,,10,,,A0000000031010,    VISA CREDITO,       BBVA VISA,
**************************************************
0,1,9540,74880,101214MO,,,0,,0,0,,,0,,,,0,0,
1,00200415300355,120000,1,74880,,,-1,,,,,,,,0,,,,,,,,,,,,,,0,,,,0,,,,,,,,,,,,0,,,,,,,,,,,,,,,,-1,000000000000,,
2,5,120000,0,4213166133627509,0,001,035834  ,Transacion aprobada,    ,,,628134E0EA110DD4,,10,,,A0000000031010,     VISA DEBITO,     VISA DEBITO,
**************************************************
0,1,3078,74880,101214MO,,,0,,0,0,,,0,,,,0,0,
1,00200411490128,333000,1,74880,,,-1,,,,,,,,0,,,,,,,,,,,,,,0,,,,0,,,,,,,,,,,,0,,,,,,,,,,,,,,,,-1,000000000000,,
1,00200409561052,290000,1,74880,,,-1,,,,,,,,0,,,,,,,,,,,,,,0,,,,0,,,,,,,,,,,,0,,,,,,,,,,,,,,,,-1,000000000000,,
1,00200410327388,308000,2.000000,74880,,,-1,,,,,,,,0,,,,,,,,,,,,,,0,,,,0,,,,,,,,,,,,0,,,,,,,,,,,,,,,,-1,000000000000,,
**************************************************
0,1,9547,74880,101214MO,,,0,,0,0,,,0,,,,0,0,
1,00200376420048,333500,1,74880,,,-1,,,,,,,,0,,,,,,,,,,,,,,0,,,,0,,,,,,,,,,,,0,,,,,,,,,,,,,,,,-1,000000000000,,
2,8,73700,0,6620010269048423,99,001,288400  ,Transacion aprobada,,,0629,F7C347B8E58FE7E9,,10,,,,
2,8,259800,0,6620010269048423,50,001,298832  ,Transacion aprobada,,,0629,49F3EE8300B90B2F,,10,,,,
**************************************************
0,37,9549,78567,A0001825,,,0,,0,
2,6620010267960041,-234200,
2,4,234200,0,5204164901349990,0,001,025800  ,Transacion aprobada,Debi,,,93C375425923E5E9,,10,BUGARIN PONCE/SANDRA LUZ,,A0000000041010,Debit Mastercard,Debit Mastercard,
